cpu  220763 20135 475136 128605333 35582 81690 42205 0 0 0
cpu0 25956 1239 77975 16027782 6532 25068 7154 0 0 0
cpu1 23818 1222 70214 16044362 6120 20790 8650 0 0 0
cpu2 41077 4234 69586 16046931 6525 9029 6841 0 0 0
cpu3 36342 3989 72162 16047492 6037 8794 6481 0 0 0
cpu4 43393 4401 96017 16016023 5232 8881 6549 0 0 0
cpu5 38015 4241 84220 16031579 4821 8763 6277 0 0 0
cpu6 7094 120 2827 16194729 135 118 53 0 0 0
cpu7 5065 686 2131 16196431 177 243 197 0 0 0
intr 33229614 0 0 0 4860375 0 2580996 0 11 11 0 0 0 316014 0 0 2635665 44 78807 4732 0 0 0 0 880 0 0 0 0 0 0 0 0 0 0 0 0 0 0 0 0 0 0 0 285556 28614 0 0 1 1022 6 1 42119 3702 0 0 0 0 0 0 0 35591 0 0 0 0 0 0 0 0 0 0 0 0 0 0 0 0 0 0 0 0 0 0 0 0 0 0 0 0 0 0 0 0 0 0 0 0 0 0 0 0 0 0 0 0 0 0 0 0 0 0 0 0 0 0 0 0 0 0 0 0 0 0 0 0 0 0 0 0 0 0 0 0 0 0 0 0 0 0 0 0 0 0 0 0 0 0 0 0 0 0 0 33 46600 0 0 0 0 0 0 0 3 41474 0 1151 154167 2675907 2239 0 0 0 0 0 2161 13 1 0 2 0 2 0 2 3 0 0 2 1 0 109564 0 0 5 31 5 9 0 0 0 0 0 0 0 0 0 0 0 0 0 0 0 23 0 0 0 0 0 0 0 0 0 0 0 0 0 4 0 0 0 0 2 0 0 0 0 0 0 0 0 0 0 0 0 0 0 0 0 0 0 0 0 31478 0 0 0 0 0 0 0 0 0 0 0 0 0 0 0 0 0 2817 0 0 0 0 0 0 0 0 105 241 80 0 0 0 0 0 0 0 0 12963 1 0 1 0 0 1 0 1 0 0 1 0 1 0 0 0 0 0 0 0 0 7 0 0 0 0 0 0 1 21 0 0 0 0 0 0 0 0 0 3 0 0 3 0 0 0 2470 0 12385 0 0 0 0 0 0 0 468 2432 0 15 0 0 0 0 0 0 0 12451 10 0 0 0 456636 0 4 4299 285 64057 11473 0 0
ctxt 43099977
btime 1742277321
processes 15020
procs_running 2
procs_blocked 0
softirq 11857052 0 5291514 16321 256 176990 0 81319 3733040 0 2557612
